6612|0|ทั่วประเทศ|0| |0| |0| |32,224,008|33,828,607|66,052,615|28,675,857|
6612|10|กรุงเทพมหานคร|0| |0| |0| |2,555,426|2,916,162|5,471,588|3,251,621|
6612|11|จังหวัดสมุทรปราการ |0| |0| |0| |651,455|721,515|1,372,970|767,957|
6612|12|จังหวัดนนทบุรี |0| |0| |0| |606,134|701,958|1,308,092|756,885|
6612|13|จังหวัดปทุมธานี |0| |0| |0| |576,746|642,453|1,219,199|698,024|
6612|14|จังหวัดพระนครศรีอยุธยา |0| |0| |0| |394,255|427,851|822,106|356,235|
6612|15|จังหวัดอ่างทอง |0| |0| |0| |129,432|141,294|270,726|104,166|
6612|16|จังหวัดลพบุรี |0| |0| |0| |362,500|367,197|729,697|303,427|
6612|17|จังหวัดสิงห์บุรี |0| |0| |0| |95,652|105,787|201,439|81,191|
6612|18|จังหวัดชัยนาท |0| |0| |0| |151,775|164,445|316,220|131,349|
6612|19|จังหวัดสระบุรี |0| |0| |0| |313,097|325,729|638,826|300,003|
6612|20|จังหวัดชลบุรี |0| |0| |0| |787,986|830,080|1,618,066|1,145,520|
6612|21|จังหวัดระยอง |0| |0| |0| |378,051|393,138|771,189|560,445|
6612|22|จังหวัดจันทบุรี |0| |0| |0| |261,834|274,602|536,436|257,417|
6612|23|จังหวัดตราด |0| |0| |0| |112,157|114,895|227,052|112,977|
6612|24|จังหวัดฉะเชิงเทรา |0| |0| |0| |357,453|373,090|730,543|338,168|
6612|25|จังหวัดปราจีนบุรี |0| |0| |0| |246,490|253,073|499,563|238,172|
6612|26|จังหวัดนครนายก |0| |0| |0| |128,575|131,542|260,117|108,919|
6612|27|จังหวัดสระแก้ว |0| |0| |0| |281,069|281,833|562,902|230,171|
6612|30|จังหวัดนครราชสีมา |0| |0| |0| |1,286,634|1,339,160|2,625,794|1,063,007|
6612|31|จังหวัดบุรีรัมย์ |0| |0| |0| |779,221|794,009|1,573,230|497,860|
6612|32|จังหวัดสุรินทร์ |0| |0| |0| |679,575|688,267|1,367,842|421,268|
6612|33|จังหวัดศรีสะเกษ |0| |0| |0| |721,690|728,643|1,450,333|416,240|
6612|34|จังหวัดอุบลราชธานี |0| |0| |0| |931,541|938,067|1,869,608|652,557|
6612|35|จังหวัดยโสธร |0| |0| |0| |263,199|265,679|528,878|186,684|
6612|36|จังหวัดชัยภูมิ |0| |0| |0| |549,032|564,346|1,113,378|418,980|
6612|37|จังหวัดอำนาจเจริญ |0| |0| |0| |185,906|188,231|374,137|126,956|
6612|38|จังหวัดบึงกาฬ |0| |0| |0| |210,408|210,079|420,487|145,677|
6612|39|จังหวัดหนองบัวลำภู |0| |0| |0| |252,436|254,436|506,872|159,950|
6612|40|จังหวัดขอนแก่น |0| |0| |0| |872,661|906,712|1,779,373|680,877|
6612|41|จังหวัดอุดรธานี |0| |0| |0| |769,682|788,846|1,558,528|557,058|
6612|42|จังหวัดเลย |0| |0| |0| |317,538|317,604|635,142|237,489|
6612|43|จังหวัดหนองคาย |0| |0| |0| |254,558|259,463|514,021|187,581|
6612|44|จังหวัดมหาสารคาม |0| |0| |0| |460,095|477,820|937,915|317,734|
6612|45|จังหวัดร้อยเอ็ด |0| |0| |0| |635,320|649,516|1,284,836|412,826|
6612|46|จังหวัดกาฬสินธุ์ |0| |0| |0| |477,905|490,160|968,065|327,426|
6612|47|จังหวัดสกลนคร |0| |0| |0| |567,271|575,386|1,142,657|407,975|
6612|48|จังหวัดนครพนม |0| |0| |0| |355,557|358,727|714,284|242,917|
6612|49|จังหวัดมุกดาหาร |0| |0| |0| |175,671|175,924|351,595|124,524|
6612|50|จังหวัดเชียงใหม่ |0| |0| |0| |865,666|931,409|1,797,075|883,862|
6612|51|จังหวัดลำพูน |0| |0| |0| |190,822|207,618|398,440|191,094|
6612|52|จังหวัดลำปาง |0| |0| |0| |345,539|365,939|711,478|305,171|
6612|53|จังหวัดอุตรดิตถ์ |0| |0| |0| |213,882|225,747|439,629|177,596|
6612|54|จังหวัดแพร่ |0| |0| |0| |204,787|221,544|426,331|184,393|
6612|55|จังหวัดน่าน |0| |0| |0| |236,008|236,714|472,722|178,167|
6612|56|จังหวัดพะเยา |0| |0| |0| |222,408|235,879|458,287|202,202|
6612|57|จังหวัดเชียงราย |0| |0| |0| |629,917|669,060|1,298,977|586,117|
6612|58|จังหวัดแม่ฮ่องสอน |0| |0| |0| |145,500|142,144|287,644|121,896|
6612|60|จังหวัดนครสวรรค์ |0| |0| |0| |497,375|524,508|1,021,883|433,815|
6612|61|จังหวัดอุทัยธานี |0| |0| |0| |157,266|165,007|322,273|130,318|
6612|62|จังหวัดกำแพงเพชร |0| |0| |0| |347,579|357,369|704,948|288,391|
6612|63|จังหวัดตาก |0| |0| |0| |349,504|342,210|691,714|236,902|
6612|64|จังหวัดสุโขทัย |0| |0| |0| |279,555|298,311|577,866|227,208|
6612|65|จังหวัดพิษณุโลก |0| |0| |0| |411,058|430,671|841,729|368,521|
6612|66|จังหวัดพิจิตร |0| |0| |0| |254,271|267,636|521,907|204,897|
6612|67|จังหวัดเพชรบูรณ์ |0| |0| |0| |475,870|491,551|967,421|378,316|
6612|70|จังหวัดราชบุรี |0| |0| |0| |419,181|445,565|864,746|344,905|
6612|71|จังหวัดกาญจนบุรี |0| |0| |0| |447,878|447,403|895,281|365,095|
6612|72|จังหวัดสุพรรณบุรี |0| |0| |0| |398,001|428,390|826,391|319,886|
6612|73|จังหวัดนครปฐม |0| |0| |0| |443,250|481,271|924,521|434,658|
6612|74|จังหวัดสมุทรสาคร |0| |0| |0| |284,337|307,696|592,033|316,718|
6612|75|จังหวัดสมุทรสงคราม |0| |0| |0| |89,679|98,314|187,993|76,343|
6612|76|จังหวัดเพชรบุรี |0| |0| |0| |232,872|250,796|483,668|233,561|
6612|77|จังหวัดประจวบคีรีขันธ์ |0| |0| |0| |270,074|280,903|550,977|288,188|
6612|80|จังหวัดนครศรีธรรมราช |0| |0| |0| |760,886|780,067|1,540,953|608,533|
6612|81|จังหวัดกระบี่ |0| |0| |0| |239,441|242,680|482,121|204,440|
6612|82|จังหวัดพังงา |0| |0| |0| |133,379|133,678|267,057|123,860|
6612|83|จังหวัดภูเก็ต |0| |0| |0| |199,500|224,099|423,599|285,937|
6612|84|จังหวัดสุราษฎร์ธานี |0| |0| |0| |528,358|547,430|1,075,788|539,755|
6612|85|จังหวัดระนอง |0| |0| |0| |97,359|96,012|193,371|97,081|
6612|86|จังหวัดชุมพร |0| |0| |0| |250,921|257,936|508,857|252,386|
6612|90|จังหวัดสงขลา |0| |0| |0| |696,601|735,358|1,431,959|584,425|
6612|91|จังหวัดสตูล |0| |0| |0| |162,039|163,431|325,470|110,545|
6612|92|จังหวัดตรัง |0| |0| |0| |311,212|325,805|637,017|243,956|
6612|93|จังหวัดพัทลุง |0| |0| |0| |253,232|267,366|520,598|205,036|
6612|94|จังหวัดปัตตานี |0| |0| |0| |364,396|372,681|737,077|204,902|
6612|95|จังหวัดยะลา |0| |0| |0| |273,248|276,698|549,946|178,717|
6612|96|จังหวัดนราธิวาส |0| |0| |0| |405,170|413,992|819,162|229,831|
